13.392
13.354
13.314
13.276
13.245
13.205
13.166
13.131
13.097
13.057
13.019
12.979
12.946
12.91
12.87
12.839
12.8
12.769
12.73
12.7
12.668
12.639
12.614
12.584
12.565
12.55
12.534
12.522
12.521
12.521
12.526
12.541
12.556
12.587
12.619
12.665
12.714
12.777
12.851
12.941
13.037
13.14
13.257
13.391
13.535
13.694
13.862
14.046
14.24
14.449
14.666
14.9
15.141
15.393
15.659
15.935
16.224
16.513
16.813
17.12
17.435
17.759
18.086
18.411
18.744
19.078
19.412
19.746
20.08
20.414
20.746
21.072
21.399
21.723
22.037
22.348
22.653
22.957
23.249
23.536
23.817
24.09
24.355
24.618
24.866
25.114
25.353
25.585
25.807
26.021
26.231
26.438
26.635
26.825
27.005
27.184
27.357
27.528
27.684
27.846
27.994
28.142
28.287
28.419
28.551
28.683
28.812
28.936
29.061
29.181
29.291
29.406
29.516
29.625
29.727
29.828
29.929
30.03
30.13
30.223
30.317
30.407
30.492
30.577
30.663
30.749
30.835
30.915
30.992
31.069
31.148
31.218
31.295
31.365
31.435
31.504
31.575
31.642
31.707
31.775
31.836
31.898
31.96
32.023
32.085
32.141
32.201
32.257
32.318
32.373
32.427
32.482
32.536
32.59
32.645
32.7
32.754
32.808
32.863
32.912
32.963
33.019
33.066
33.119
33.167
33.22
33.267
33.314
33.36
33.407
33.454
33.498
33.54
33.583
33.621
33.66
33.699
33.739
33.771
33.802
33.833
33.864
33.888
33.911
33.933
33.95
33.97
33.98
33.993
34.001
34.004
34.004
33.999
33.997
33.986
33.976
33.962
33.939
33.922
33.893
33.867
33.829
33.797
33.759
33.714
33.663
33.613
33.557
33.504
33.445
33.376
33.312
33.245
33.168
33.09
33.005
32.919
32.833
32.739
32.644
32.541
32.432
32.323
32.211
32.091
31.965
31.842
31.705
31.572
31.427
31.279
31.132
30.975
30.813
30.649
30.477
30.307
30.13
29.947
29.765
29.578
29.388
29.193
28.999
28.805
28.61
28.41
28.215
28.021
27.827
27.633
27.438
27.246
27.062
26.884
26.705
26.53
26.364
26.2
26.042
25.893
25.746
25.611
25.48
25.354
25.232
25.123
25.013
24.909
24.816
24.724
24.642
24.566
24.487
24.419
24.352
24.288
24.225
24.17
24.116
24.061
24.007
23.953
23.898
23.845
23.797
23.742
23.687
23.638
23.583
23.524
23.471
23.411
23.354
23.294
23.232
23.17
23.108
23.046
22.982
22.914
22.85
22.782
22.717
22.651
22.585
22.519
22.447
22.38
22.313
22.248
22.187
22.124
22.062
22
21.938
21.876
21.815
21.759
21.699
21.645
21.592
21.532
21.478
21.428
21.373
21.319
21.264
21.216
21.163
21.116
21.069
21.016
20.969
20.922
20.876
20.829
20.782
20.736
20.689
20.642
20.596
20.549
20.503
20.463
20.417
20.37
20.324
20.277
20.232
20.192
20.145
20.098
20.052
20.005
19.958
19.912
19.865
19.818
19.772
19.725
19.678
19.633
19.586
19.531
19.485
19.438
19.393
19.343
19.29
19.245
19.199
19.147
19.097
19.051
18.999
18.95
18.904
18.857
18.81
18.757
18.71
18.663
18.617
18.57
18.524
18.478
18.431
18.384
18.338
18.291
18.244
18.198
18.151
18.111
18.066
18.019
17.979
17.932
17.888
17.847
17.803
17.762
17.713
17.672
17.629
17.587
17.542
17.501
17.457
17.41
17.37
17.324
17.285
17.246
17.2
17.16
17.115
17.078
17.034
16.991
16.954
16.909
16.867
16.83
16.784
16.744
16.705
16.666
16.62
16.582
16.542
16.496
16.457
16.419
16.377
16.333
16.296
16.252
16.209
16.171
16.133
16.087
16.047
16.008
15.969
15.924
15.885
15.846
15.806
15.76
15.722
15.683
15.645
15.601
15.559
15.52
15.483
15.437
15.397
15.357
15.319
15.28
15.234
15.196
15.156
15.118
15.077
15.032
14.994
14.955
14.915
14.878
14.833
14.792
14.754
14.715
14.675
14.637
14.597
14.551
14.513
14.474
14.436
14.396
14.358
14.319
14.28
14.241
14.202
14.164
14.125
14.086
14.047
14.015
13.977
13.938
13.899
13.862
13.83
13.789
13.754
13.721
13.68
13.646
13.611
13.571
13.538
13.502
13.462
13.431
13.392
