  13.39200
  13.37286
  13.35385
  13.33451
  13.31438
  13.29409
  13.27656
  13.26175
  13.24485
  13.22482
  13.20515
  13.18632
  13.16631
  13.14673
  13.13075
  13.11566
  13.09710
  13.07674
  13.05742
  13.03863
  13.01929
  12.99912
  12.97889
  12.96128
  12.94635
  12.93002
  12.91072
  12.89003
  12.87041
  12.85445
  12.83941
  12.82039
  12.80054
  12.78489
  12.76955
  12.75006
  12.73051
  12.71469
  12.70038
  12.68526
  12.66891
  12.65252
  12.63919
  12.62810
  12.61444
  12.59852
  12.58461
  12.57376
  12.56504
  12.55753
  12.55035
  12.54268
  12.53431
  12.52706
  12.52256
  12.52077
  12.52083
  12.52094
  12.52071
  12.52182
  12.52559
  12.53259
  12.54090
  12.54740
  12.55507
  12.56912
  12.58604
  12.60061
  12.61700
  12.63960
  12.66382
  12.68633
  12.71155
  12.74203
  12.77487
  12.80934
  12.84820
  12.89161
  12.93704
  12.98386
  13.03284
  13.08371
  13.13598
  13.19123
  13.25143
  13.31631
  13.38488
  13.45562
  13.52813
  13.60478
  13.68623
  13.76957
  13.85437
  13.94373
  14.03757
  14.13275
  14.22995
  14.33219
  14.43824
  14.54529
  14.65506
  14.77000
  14.88820
  15.00740
  15.12810
  15.25152
  15.37915
  15.51098
  15.64446
  15.77960
  15.91971
  16.06400
  16.20793
  16.35131
  16.49676
  16.64487
  16.79522
  16.94760
  17.10195
  17.25820
  17.41638
  17.57674
  17.73917
  17.90260
  18.06595
  18.22838
  18.39071
  18.55556
  18.72286
  18.89019
  19.05694
  19.22374
  19.39068
  19.55755
  19.72446
  19.89149
  20.05819
  20.22439
  20.39108
  20.55840
  20.72410
  20.88728
  21.04955
  21.21214
  21.37556
  21.53886
  21.70002
  21.85832
  22.01410
  22.16908
  22.32495
  22.47956
  22.63077
  22.78166
  22.93423
  23.08358
  23.22721
  23.36994
  23.51395
  23.65608
  23.79520
  23.93288
  24.06895
  24.20192
  24.33343
  24.46634
  24.59769
  24.72322
  24.84605
  24.97018
  25.09383
  25.21479
  25.33355
  25.45057
  25.56538
  25.67783
  25.78841
  25.89705
  26.00315
  26.10772
  26.21285
  26.31774
  26.42009
  26.51981
  26.61765
  26.71382
  26.80817
  26.89982
  26.98879
  27.07785
  27.16796
  27.25575
  27.34064
  27.42652
  27.51243
  27.59247
  27.66886
  27.74940
  27.83151
  27.90779
  27.97995
  28.05280
  28.12718
  28.20200
  28.27376
  28.34049
  28.40541
  28.47106
  28.53712
  28.60331
  28.66977
  28.73560
  28.79903
  28.86061
  28.92260
  28.98533
  29.04803
  29.10954
  29.16872
  29.22504
  29.27910
  29.33460
  29.39330
  29.45065
  29.50449
  29.55846
  29.61348
  29.66615
  29.71608
  29.76592
  29.81640
  29.86678
  29.91709
  29.96772
  30.01873
  30.06976
  30.11930
  30.16630
  30.21235
  30.25890
  30.30575
  30.35217
  30.39686
  30.43967
  30.48189
  30.52429
  30.56698
  30.60995
  30.65305
  30.69589
  30.73813
  30.78065
  30.82412
  30.86630
  30.90538
  30.94342
  30.98213
  31.02077
  31.05921
  31.09878
  31.13849
  31.17452
  31.20830
  31.24572
  31.28561
  31.32248
  31.35657
  31.39068
  31.42536
  31.46034
  31.49527
  31.53005
  31.56539
  31.60100
  31.63415
  31.66484
  31.69777
  31.73333
  31.76650
  31.79668
  31.82729
  31.85878
  31.88974
  31.92036
  31.95148
  31.98283
  32.01398
  32.04539
  32.07692
  32.10605
  32.13244
  32.16107
  32.19302
  32.22241
  32.24870
  32.27793
  32.30986
  32.33904
  32.36533
  32.39180
  32.41910
  32.44671
  32.47420
  32.50129
  32.52824
  32.55527
  32.58226
  32.60920
  32.63647
  32.66409
  32.69145
  32.71841
  32.74543
  32.77248
  32.79921
  32.82629
  32.85462
  32.88170
  32.90477
  32.92750
  32.95412
  32.98282
  33.01069
  33.03583
  33.05857
  33.08340
  33.11103
  33.13631
  33.15898
  33.18434
  33.21194
  33.23703
  33.25968
  33.28263
  33.30614
  33.32950
  33.35277
  33.37613
  33.39937
  33.42250
  33.44623
  33.47013
  33.49144
  33.51046
  33.53194
  33.55586
  33.57716
  33.59562
  33.61464
  33.63448
  33.65380
  33.67274
  33.69201
  33.71194
  33.73221
  33.75072
  33.76630
  33.78107
  33.79648
  33.81183
  33.82704
  33.84315
  33.85929
  33.87283
  33.88399
  33.89502
  33.90692
  33.91959
  33.93053
  33.93766
  33.94561
  33.95795
  33.96827
  33.97239
  33.97666
  33.98448
  33.99126
  33.99522
  33.99914
  34.00308
  34.00446
  34.00402
  34.00450
  34.00433
  34.00062
  33.99705
  33.99769
  33.99669
  33.98894
  33.98088
  33.97726
  33.97356
  33.96614
  33.95509
  33.94285
  33.93401
  33.92679
  33.91393
  33.89761
  33.88551
  33.87408
  33.85588
  33.83551
  33.81970
  33.80458
  33.78576
  33.76632
  33.74781
  33.72525
  33.69760
  33.67167
  33.64901
  33.62411
  33.59600
  33.56809
  33.54133
  33.51492
  33.48761
  33.45808
  33.42551
  33.39015
  33.35582
  33.32512
  33.29425
  33.25996
  33.22271
  33.18388
  33.14538
  33.10702
  33.06620
  33.02287
  32.97927
  32.93654
  32.89477
  32.85207
  32.80627
  32.75909
  32.71272
  32.66569
  32.61618
  32.56420
  32.51030
  32.45562
  32.40100
  32.34670
  32.29227
  32.23647
  32.17848
  32.11795
  32.05550
  31.99239
  31.93019
  31.86964
  31.80626
  31.73646
  31.66667
  31.60162
  31.53452
  31.46107
  31.38595
  31.31231
  31.23937
  31.16587
  31.09034
  31.01211
  30.93124
  30.84936
  30.76856
  30.68732
  30.60314
  30.51692
  30.43057
  30.34551
  30.26138
  30.17347
  30.08032
  29.98822
  29.89924
  29.80839
  29.71466
  29.62173
  29.52926
  29.43397
  29.33638
  29.23908
  29.14232
  29.04545
  28.94842
  28.85136
  28.75456
  28.65768
  28.55878
  28.45770
  28.35811
  28.26134
  28.16495
  28.06790
  27.97082
  27.87390
  27.77694
  27.67998
  27.58313
  27.48610
  27.38875
  27.29224
  27.19791
  27.10633
  27.01722
  26.92854
  26.83902
  26.74922
  26.66003
  26.57250
  26.48731
  26.40467
  26.32339
  26.24158
  26.16005
  26.08092
  26.00472
  25.93095
  25.85733
  25.78264
  25.71084
  25.64432
  25.57909
  25.51298
  25.44860
  25.38639
  25.32357
  25.26122
  25.20394
  25.15083
  25.09735
  25.04231
  24.98678
  24.93385
  24.88616
  24.84051
  24.79369
  24.74748
  24.70386
  24.66299
  24.62428
  24.58629
  24.54775
  24.50785
  24.46887
  24.43542
  24.40498
  24.37106
  24.33561
  24.30380
  24.27374
  24.24216
  24.21141
  24.18392
  24.15769
  24.13080
  24.10335
  24.07574
  24.04841
  24.02144
  23.99442
  23.96737
  23.94061
  23.91356
  23.88537
  23.85813
  23.83444
  23.81127
  23.78492
  23.75722
  23.73033
  23.70304
  23.67526
  23.65042
  23.62810
  23.60124
  23.56915
  23.53893
  23.51253
  23.48698
  23.45961
  23.42861
  23.39725
  23.36980
  23.34295
  23.31238
  23.28039
  23.24961
  23.21898
  23.18764
  23.15652
  23.12590
  23.09487
  23.06347
  23.03283
  23.00170
  22.96727
  22.93199
  22.90063
  22.87018
  22.83560
  22.80051
  22.76922
  22.73779
  22.70302
  22.66929
  22.63862
  22.60591
  22.57019
  22.53752
  22.50721
  22.47111
  22.43136
  22.39775
  22.36818
  22.33458
  22.29891
  22.26645
  22.23616
  22.20563
  22.17464
  22.14342
  22.11206
  22.08071
  22.04976
  22.01912
  21.98807
  21.95670
  21.92595
  21.89532
  21.86346
  21.83235
  21.80499
  21.77808
  21.74716
  21.71579
  21.68816
  21.66192
  21.63475
  21.60806
  21.58181
  21.55218
  21.51996
  21.49253
  21.47014
  21.44566
  21.41795
  21.39043
  21.36362
  21.33644
  21.30866
  21.28072
  21.25470
  21.23169
  21.20776
  21.18052
  21.15392
  21.13048
  21.10836
  21.08538
  21.05957
  21.03210
  21.00691
  20.98412
  20.96121
  20.93773
  20.91434
  20.89107
  20.86778
  20.84445
  20.82114
  20.79783
  20.77452
  20.75120
  20.72789
  20.70458
  20.68127
  20.65796
  20.63465
  20.61132
  20.58801
  20.56478
  20.54144
  20.51787
  20.49569
  20.47616
  20.45632
  20.43344
  20.40943
  20.38609
  20.36292
  20.33956
  20.31637
  20.29317
  20.26917
  20.24567
  20.22554
  20.20693
  20.18527
  20.16120
  20.13756
  20.11447
  20.09122
  20.06785
  20.04452
  20.02123
  19.99792
  19.97460
  19.95129
  19.92798
  19.90467
  19.88135
  19.85804
  19.83473
  19.81142
  19.78810
  19.76479
  19.74149
  19.71817
  19.69482
  19.67156
  19.64861
  19.62617
  19.60355
  19.57815
  19.55008
  19.52394
  19.50098
  19.47825
  19.45479
  19.43154
  19.40889
  19.38663
  19.36277
  19.33542
  19.30786
  19.28375
  19.26134
  19.23850
  19.21584
  19.19319
  19.16783
  19.13979
  19.11352
  19.09050
  19.06843
  19.04506
  19.01871
  18.99138
  18.96676
  18.94413
  18.92112
  18.89756
  18.87402
  18.85104
  18.82840
  18.80363
  18.77621
  18.75012
  18.72696
  18.70425
  18.68085
  18.65742
  18.63414
  18.61076
  18.58746
  18.56461
  18.54186
  18.51868
  18.49527
  18.47193
  18.44865
  18.42534
  18.40202
  18.37871
  18.35540
  18.33208
  18.30878
  18.28548
  18.26211
  18.23880
  18.21570
  18.19232
  18.16819
  18.14542
  18.12617
  18.10709
  18.08459
  18.06014
  18.03612
  18.01452
  17.99529
  17.97479
  17.95141
  17.92681
  17.90333
  17.88337
  17.86476
  17.84251
  17.81872
  17.79833
  17.77913
  17.75697
  17.73258
  17.70826
  17.68663
  17.66811
  17.64776
  17.62386
  17.60190
  17.58295
  17.56155
  17.53761
  17.51633
  17.49730
  17.47627
  17.45276
  17.42851
  17.40588
  17.38639
  17.36649
  17.34318
  17.31998
  17.29990
  17.28172
  17.26325
  17.24170
  17.21778
  17.19650
  17.17751
  17.15560
  17.13174
  17.11079
  17.09254
  17.07417
  17.05366
  17.03023
  17.00721
  16.98755
  16.96946
  16.95052
  16.92902
  16.90533
  16.88299
  16.86351
  16.84541
  16.82644
  16.80419
  16.78044
  16.75933
  16.74042
  16.72140
  16.70231
  16.68350
  16.66287
  16.63929
  16.61656
  16.59723
  16.57918
  16.56001
  16.53807
  16.51431
  16.49257
  16.47340
  16.45446
  16.43532
  16.41656
  16.39653
  16.37338
  16.35008
  16.33013
  16.31204
  16.29326
  16.27200
  16.24831
  16.22589
  16.20637
  16.18752
  16.16835
  16.14956
  16.13004
  16.10741
  16.08376
  16.06332
  16.04493
  16.02556
  16.00582
  15.98677
  15.96635
  15.94334
  15.92105
  15.90143
  15.88222
  15.86241
  15.84352
  15.82482
  15.80302
  15.77918
  15.75771
  15.73876
  15.72004
  15.70077
  15.68103
  15.66158
  15.64272
  15.62199
  15.59830
  15.57582
  15.55681
  15.53807
  15.51823
  15.49926
  15.48056
  15.45870
  15.43486
  15.41355
  15.39459
  15.37529
  15.35552
  15.33616
  15.31735
  15.29858
  15.27769
  15.25399
  15.23153
  15.21247
  15.19397
  15.17434
  15.15425
  15.13459
  15.11607
  15.09707
  15.07471
  15.05098
  15.03001
  15.01120
  14.99233
  14.97307
  14.95358
  14.93380
  14.91393
  14.89497
  14.87648
  14.85536
  14.83155
  14.80946
  14.79023
  14.77153
  14.75237
  14.73288
  14.71323
  14.69356
  14.67400
  14.65472
  14.63587
  14.61707
  14.59610
  14.57236
  14.55002
  14.53105
  14.51240
  14.49265
  14.47314
  14.45418
  14.43492
  14.41522
  14.39545
  14.37592
  14.35681
  14.33775
  14.31828
  14.29854
  14.27881
  14.25943
  14.24043
  14.22118
  14.20150
  14.18210
  14.16310
  14.14382
  14.12415
  14.10455
  14.08496
  14.06513
  14.04639
  14.03025
  14.01444
  13.99613
  13.97627
  13.95646
  13.93723
  13.91840
  13.89869
  13.87852
  13.86117
  13.84636
  13.82935
  13.80925
  13.78887
  13.77010
  13.75380
  13.73809
  13.72020
  13.70027
  13.67976
  13.66134
  13.64622
  13.63032
  13.61093
  13.59037
  13.57094
  13.55388
  13.53834
  13.52127
  13.50187
  13.48141
  13.46198
  13.44561
  13.43073
  13.41398
  13.39200
