   4.0800000e-05
   0.0000000e+00
   0.0000000e+00
   0.0000000e+00
   0.0000000e+00
  -1.5968689e-05
  -5.9962427e-05
  -1.0395616e-04
  -1.7349980e-04
  -2.6155773e-04
  -3.4957476e-04
  -4.7269335e-04
  -6.0467456e-04
  -7.7745753e-04
  -9.1736164e-04
  -1.1373477e-03
  -1.3573990e-03
  -1.5773457e-03
  -1.8307397e-03
  -2.1188878e-03
  -2.3828950e-03
  -2.6731484e-03
  -2.9517511e-03
  -3.2157958e-03
  -3.4797942e-03
  -3.7047172e-03
  -3.8809817e-03
  -4.0038014e-03
  -4.0321689e-03
  -3.9660845e-03
  -3.7913823e-03
  -3.4751947e-03
  -2.9968213e-03
  -2.3295437e-03
  -1.4465293e-03
  -2.9738904e-04
   1.1349804e-03
   2.8505307e-03
   4.8490819e-03
   7.4147639e-03
   1.0553735e-02
   1.4211931e-02
   1.8400685e-02
   2.3185988e-02
   2.8614393e-02
   3.4655587e-02
   4.1359746e-02
   4.8744168e-02
   5.6850342e-02
   6.5644749e-02
   7.5137280e-02
   8.5337237e-02
   9.6284896e-02
   1.0789851e-01
   1.2017290e-01
   1.3308211e-01
   1.4654269e-01
   1.6052065e-01
   1.7502394e-01
   1.8994328e-01
   2.0521748e-01
   2.2081262e-01
   2.3664002e-01
   2.5260183e-01
   2.6869628e-01
   2.8481067e-01
   3.0084240e-01
   3.1673810e-01
   3.3241637e-01
   3.4783659e-01
   3.6290845e-01
   3.7759410e-01
   3.9182870e-01
   4.0551905e-01
   4.1867681e-01
   4.3127058e-01
   4.4319116e-01
   4.5445502e-01
   4.6507926e-01
   4.7496706e-01
   4.8419511e-01
   4.9272580e-01
   5.0053963e-01
   5.0771464e-01
   5.1422489e-01
   5.2005460e-01
   5.2531432e-01
   5.2995907e-01
   5.3400766e-01
   5.3762299e-01
   5.4069136e-01
   5.4324635e-01
   5.4546941e-01
   5.4727710e-01
   5.4875711e-01
   5.4990943e-01
   5.5079410e-01
   5.5146624e-01
   5.5189589e-01
   5.5216239e-01
   5.5228565e-01
   5.5222449e-01
   5.5213464e-01
   5.5186768e-01
   5.5158167e-01
   5.5119726e-01
   5.5084093e-01
   5.5041425e-01
   5.4994416e-01
   5.4947714e-01
   5.4902244e-01
   5.4855669e-01
   5.4807146e-01
   5.4758624e-01
   5.4710101e-01
   5.4666579e-01
   5.4618324e-01
   5.4572867e-01
   5.4524344e-01
   5.4477397e-01
   5.4432299e-01
   5.4383777e-01
   5.4335254e-01
   5.4284638e-01
   5.4234876e-01
   5.4182430e-01
   5.4134269e-01
   5.4081269e-01
   5.4023956e-01
   5.3966611e-01
   5.3910607e-01
   5.3853098e-01
   5.3794481e-01
   5.3734749e-01
   5.3673164e-01
   5.3606670e-01
   5.3543405e-01
   5.3478682e-01
   5.3413526e-01
   5.3347361e-01
   5.3277671e-01
   5.3210917e-01
   5.3140251e-01
   5.3065740e-01
   5.2994292e-01
   5.2919397e-01
   5.2843571e-01
   5.2764498e-01
   5.2685424e-01
   5.2603033e-01
   5.2519804e-01
   5.2428937e-01
   5.2336983e-01
   5.2243702e-01
   5.2146553e-01
   5.2045248e-01
   5.1939569e-01
   5.1832440e-01
   5.1716197e-01
   5.1595356e-01
   5.1469605e-01
   5.1340000e-01
   5.1201999e-01
   5.1061292e-01
   5.0914136e-01
   5.0760395e-01
   5.0602528e-01
   5.0435202e-01
   5.0263721e-01
   5.0085695e-01
   4.9899054e-01
   4.9709201e-01
   4.9515091e-01
   4.9310199e-01
   4.9100698e-01
   4.8886941e-01
   4.8668695e-01
   4.8445170e-01
   4.8212750e-01
   4.7979025e-01
   4.7736562e-01
   4.7494064e-01
   4.7241644e-01
   4.6986451e-01
   4.6729915e-01
   4.6466314e-01
   4.6197678e-01
   4.5926716e-01
   4.5653552e-01
   4.5375091e-01
   4.5090375e-01
   4.4803046e-01
   4.4513643e-01
   4.4218914e-01
   4.3922635e-01
   4.3618920e-01
   4.3312352e-01
   4.2999651e-01
   4.2686950e-01
   4.2370401e-01
   4.2046142e-01
   4.1720287e-01
   4.1388239e-01
   4.1051005e-01
   4.0703457e-01
   4.0356089e-01
   3.9998252e-01
   3.9637469e-01
   3.9268976e-01
   3.8892172e-01
   3.8505731e-01
   3.8112234e-01
   3.7708933e-01
   3.7294700e-01
   3.6870251e-01
   3.6432854e-01
   3.5986504e-01
   3.5525868e-01
   3.5048842e-01
   3.4554524e-01
   3.4044416e-01
   3.3517459e-01
   3.2974452e-01
   3.2411057e-01
   3.1825274e-01
   3.1221236e-01
   3.0595245e-01
   2.9949322e-01
   2.9277577e-01
   2.8589260e-01
   2.7873979e-01
   2.7132055e-01
   2.6368927e-01
   2.5584596e-01
   2.4778004e-01
   2.3950307e-01
   2.3104380e-01
   2.2238914e-01
   2.1359954e-01
   2.0463960e-01
   1.9559178e-01
   1.8641892e-01
   1.7721761e-01
   1.6794788e-01
   1.5866700e-01
   1.4946959e-01
   1.4028393e-01
   1.3118581e-01
   1.2224355e-01
   1.1345580e-01
   1.0485668e-01
   9.6504925e-02
   8.8395662e-02
   8.0540235e-02
   7.3003010e-02
   6.5797006e-02
   5.8975333e-02
   5.2502492e-02
   4.6413686e-02
   4.0738447e-02
   3.5441771e-02
   3.0521693e-02
   2.6145633e-02
   2.2308947e-02
   1.8802988e-02
   1.5627211e-02
   1.2748258e-02
   1.0189311e-02
   7.9206370e-03
   5.9877055e-03
   4.2552997e-03
   2.7586742e-03
   1.4980249e-03
   4.7345479e-04
  -3.5167534e-04
  -1.0352957e-03
  -1.5772677e-03
  -1.9776579e-03
  -2.2675466e-03
  -2.4631233e-03
  -2.5268105e-03
  -2.5706742e-03
  -2.5240936e-03
  -2.4360342e-03
  -2.3291549e-03
  -2.1531644e-03
  -1.9771102e-03
  -1.8201119e-03
  -1.6658989e-03
  -1.4645489e-03
  -1.2730941e-03
  -1.0970892e-03
  -9.2111429e-04
  -7.8321096e-04
  -6.5122329e-04
  -5.2299472e-04
  -4.2806086e-04
  -3.1635988e-04
  -2.5899961e-04
  -1.8747241e-04
  -1.2375734e-04
  -5.8684932e-05
  -1.4691194e-05
   0.0000000e+00
   0.0000000e+00
   0.0000000e+00
   0.0000000e+00
   0.0000000e+00
   0.0000000e+00
   0.0000000e+00
   0.0000000e+00
   0.0000000e+00
   0.0000000e+00
   0.0000000e+00
   0.0000000e+00
   0.0000000e+00
   0.0000000e+00
   0.0000000e+00
   0.0000000e+00
   0.0000000e+00
   0.0000000e+00
   0.0000000e+00
   0.0000000e+00
   0.0000000e+00
   0.0000000e+00
   0.0000000e+00
   0.0000000e+00
   0.0000000e+00
   0.0000000e+00
   0.0000000e+00
   0.0000000e+00
   0.0000000e+00
   0.0000000e+00
   0.0000000e+00
   0.0000000e+00
   0.0000000e+00
   0.0000000e+00
   0.0000000e+00
   0.0000000e+00
   0.0000000e+00
   0.0000000e+00
   0.0000000e+00
   0.0000000e+00
   0.0000000e+00
   0.0000000e+00
   0.0000000e+00
   0.0000000e+00
   0.0000000e+00
   0.0000000e+00
   0.0000000e+00
   0.0000000e+00
   0.0000000e+00
   0.0000000e+00
   0.0000000e+00
   0.0000000e+00
   0.0000000e+00
   0.0000000e+00
   0.0000000e+00
   0.0000000e+00
   0.0000000e+00
   0.0000000e+00
   0.0000000e+00
   0.0000000e+00
   0.0000000e+00
   0.0000000e+00
   0.0000000e+00
   0.0000000e+00
   0.0000000e+00
   0.0000000e+00
   0.0000000e+00
   0.0000000e+00
   0.0000000e+00
   0.0000000e+00
   0.0000000e+00
   0.0000000e+00
   0.0000000e+00
   0.0000000e+00
   0.0000000e+00
   0.0000000e+00
   0.0000000e+00
   0.0000000e+00
   0.0000000e+00
   0.0000000e+00
   0.0000000e+00
   0.0000000e+00
   0.0000000e+00
   0.0000000e+00
   0.0000000e+00
   0.0000000e+00
   0.0000000e+00
   0.0000000e+00
   0.0000000e+00
   0.0000000e+00
   0.0000000e+00
   0.0000000e+00
   0.0000000e+00
   0.0000000e+00
   0.0000000e+00
   0.0000000e+00
   0.0000000e+00
   0.0000000e+00
   0.0000000e+00
   0.0000000e+00
   0.0000000e+00
   0.0000000e+00
   0.0000000e+00
   0.0000000e+00
   0.0000000e+00
   0.0000000e+00
   0.0000000e+00
   0.0000000e+00
   0.0000000e+00
   0.0000000e+00
   0.0000000e+00
   0.0000000e+00
   0.0000000e+00
   0.0000000e+00
   0.0000000e+00
   0.0000000e+00
   0.0000000e+00
   0.0000000e+00
   0.0000000e+00
   0.0000000e+00
   0.0000000e+00
   0.0000000e+00
   0.0000000e+00
   0.0000000e+00
   0.0000000e+00
   0.0000000e+00
   0.0000000e+00
   0.0000000e+00
   0.0000000e+00
   0.0000000e+00
   0.0000000e+00
   0.0000000e+00
   0.0000000e+00
   0.0000000e+00
   0.0000000e+00
   0.0000000e+00
   0.0000000e+00
   0.0000000e+00
   0.0000000e+00
   0.0000000e+00
   0.0000000e+00
   0.0000000e+00
   0.0000000e+00
   0.0000000e+00
   0.0000000e+00
   0.0000000e+00
   0.0000000e+00
   0.0000000e+00
   0.0000000e+00
   0.0000000e+00
   0.0000000e+00
   0.0000000e+00
   0.0000000e+00
   0.0000000e+00
   0.0000000e+00
   0.0000000e+00
   0.0000000e+00
   0.0000000e+00
   0.0000000e+00
   0.0000000e+00
   0.0000000e+00
   0.0000000e+00
   0.0000000e+00
   0.0000000e+00
   0.0000000e+00
   0.0000000e+00
   0.0000000e+00
   0.0000000e+00
   0.0000000e+00
   0.0000000e+00
   0.0000000e+00
   0.0000000e+00
   0.0000000e+00
   0.0000000e+00
   0.0000000e+00
   0.0000000e+00
   0.0000000e+00
   0.0000000e+00
   0.0000000e+00
   0.0000000e+00
   0.0000000e+00
   0.0000000e+00
   0.0000000e+00
   0.0000000e+00
   0.0000000e+00
   0.0000000e+00
   0.0000000e+00
   0.0000000e+00
   0.0000000e+00
   0.0000000e+00
   0.0000000e+00
   0.0000000e+00
   0.0000000e+00
   0.0000000e+00
   0.0000000e+00
   0.0000000e+00
   0.0000000e+00
   0.0000000e+00
   0.0000000e+00
   0.0000000e+00
   0.0000000e+00
   0.0000000e+00
   0.0000000e+00
   0.0000000e+00
   2.8025049e-05
   4.0800000e-05
   4.0800000e-05
   4.0800000e-05
   4.0800000e-05
