   0.00000
  -0.00002
  -0.00003
  -0.00005
  -0.00007
  -0.00009
  -0.00010
  -0.00012
  -0.00014
  -0.00015
  -0.00018
  -0.00022
  -0.00025
  -0.00028
  -0.00033
  -0.00039
  -0.00043
  -0.00046
  -0.00050
  -0.00056
  -0.00064
  -0.00070
  -0.00075
  -0.00081
  -0.00090
  -0.00098
  -0.00105
  -0.00113
  -0.00122
  -0.00129
  -0.00136
  -0.00144
  -0.00153
  -0.00162
  -0.00170
  -0.00179
  -0.00187
  -0.00196
  -0.00204
  -0.00211
  -0.00218
  -0.00225
  -0.00231
  -0.00237
  -0.00241
  -0.00244
  -0.00246
  -0.00245
  -0.00244
  -0.00242
  -0.00238
  -0.00232
  -0.00224
  -0.00214
  -0.00201
  -0.00185
  -0.00167
  -0.00145
  -0.00119
  -0.00090
  -0.00059
  -0.00024
   0.00017
   0.00062
   0.00112
   0.00168
   0.00231
   0.00298
   0.00370
   0.00448
   0.00534
   0.00627
   0.00728
   0.00835
   0.00951
   0.01076
   0.01207
   0.01345
   0.01494
   0.01654
   0.01821
   0.01996
   0.02182
   0.02378
   0.02586
   0.02804
   0.03032
   0.03271
   0.03521
   0.03781
   0.04053
   0.04336
   0.04632
   0.04939
   0.05259
   0.05589
   0.05930
   0.06285
   0.06652
   0.07028
   0.07415
   0.07816
   0.08229
   0.08655
   0.09090
   0.09536
   0.09992
   0.10460
   0.10939
   0.11428
   0.11927
   0.12435
   0.12952
   0.13478
   0.14013
   0.14555
   0.15107
   0.15665
   0.16231
   0.16802
   0.17379
   0.17962
   0.18552
   0.19146
   0.19742
   0.20342
   0.20947
   0.21553
   0.22161
   0.22770
   0.23379
   0.23987
   0.24594
   0.25202
   0.25809
   0.26413
   0.27014
   0.27612
   0.28206
   0.28797
   0.29381
   0.29959
   0.30532
   0.31098
   0.31657
   0.32209
   0.32752
   0.33286
   0.33813
   0.34331
   0.34839
   0.35337
   0.35825
   0.36302
   0.36767
   0.37221
   0.37663
   0.38094
   0.38514
   0.38922
   0.39319
   0.39702
   0.40073
   0.40432
   0.40779
   0.41114
   0.41436
   0.41746
   0.42043
   0.42327
   0.42600
   0.42861
   0.43111
   0.43348
   0.43573
   0.43787
   0.43991
   0.44185
   0.44367
   0.44536
   0.44697
   0.44848
   0.44989
   0.45121
   0.45246
   0.45362
   0.45466
   0.45564
   0.45656
   0.45741
   0.45816
   0.45884
   0.45945
   0.46001
   0.46051
   0.46096
   0.46134
   0.46168
   0.46198
   0.46224
   0.46245
   0.46261
   0.46272
   0.46282
   0.46289
   0.46292
   0.46291
   0.46288
   0.46283
   0.46276
   0.46268
   0.46258
   0.46246
   0.46231
   0.46216
   0.46200
   0.46182
   0.46163
   0.46142
   0.46121
   0.46101
   0.46079
   0.46055
   0.46030
   0.46006
   0.45982
   0.45957
   0.45932
   0.45907
   0.45880
   0.45853
   0.45824
   0.45796
   0.45769
   0.45741
   0.45713
   0.45685
   0.45656
   0.45626
   0.45597
   0.45568
   0.45537
   0.45506
   0.45474
   0.45441
   0.45409
   0.45376
   0.45344
   0.45310
   0.45275
   0.45240
   0.45204
   0.45167
   0.45129
   0.45090
   0.45053
   0.45015
   0.44976
   0.44937
   0.44896
   0.44854
   0.44813
   0.44772
   0.44728
   0.44683
   0.44638
   0.44593
   0.44547
   0.44499
   0.44451
   0.44402
   0.44354
   0.44305
   0.44254
   0.44204
   0.44155
   0.44104
   0.44050
   0.43997
   0.43945
   0.43891
   0.43835
   0.43779
   0.43725
   0.43670
   0.43614
   0.43555
   0.43495
   0.43438
   0.43381
   0.43323
   0.43264
   0.43205
   0.43145
   0.43085
   0.43024
   0.42961
   0.42899
   0.42838
   0.42777
   0.42715
   0.42651
   0.42586
   0.42522
   0.42459
   0.42395
   0.42330
   0.42264
   0.42199
   0.42135
   0.42070
   0.42005
   0.41938
   0.41870
   0.41802
   0.41735
   0.41668
   0.41600
   0.41531
   0.41462
   0.41393
   0.41324
   0.41255
   0.41184
   0.41114
   0.41043
   0.40971
   0.40899
   0.40827
   0.40755
   0.40682
   0.40609
   0.40534
   0.40459
   0.40384
   0.40309
   0.40232
   0.40155
   0.40077
   0.39997
   0.39918
   0.39838
   0.39756
   0.39673
   0.39590
   0.39507
   0.39423
   0.39338
   0.39254
   0.39169
   0.39082
   0.38993
   0.38903
   0.38812
   0.38721
   0.38629
   0.38536
   0.38443
   0.38348
   0.38251
   0.38154
   0.38056
   0.37957
   0.37857
   0.37755
   0.37652
   0.37547
   0.37442
   0.37336
   0.37230
   0.37122
   0.37011
   0.36899
   0.36787
   0.36675
   0.36561
   0.36446
   0.36329
   0.36212
   0.36095
   0.35974
   0.35851
   0.35728
   0.35606
   0.35480
   0.35353
   0.35226
   0.35097
   0.34966
   0.34834
   0.34703
   0.34570
   0.34436
   0.34299
   0.34160
   0.34020
   0.33880
   0.33738
   0.33596
   0.33453
   0.33310
   0.33166
   0.33019
   0.32870
   0.32719
   0.32568
   0.32417
   0.32264
   0.32108
   0.31950
   0.31792
   0.31635
   0.31476
   0.31315
   0.31153
   0.30989
   0.30824
   0.30658
   0.30491
   0.30322
   0.30154
   0.29983
   0.29811
   0.29636
   0.29460
   0.29283
   0.29105
   0.28925
   0.28743
   0.28560
   0.28375
   0.28188
   0.27998
   0.27808
   0.27617
   0.27423
   0.27227
   0.27029
   0.26828
   0.26624
   0.26419
   0.26212
   0.26003
   0.25790
   0.25575
   0.25359
   0.25140
   0.24918
   0.24692
   0.24463
   0.24230
   0.23996
   0.23759
   0.23519
   0.23275
   0.23028
   0.22777
   0.22523
   0.22266
   0.22005
   0.21740
   0.21474
   0.21204
   0.20930
   0.20650
   0.20367
   0.20081
   0.19792
   0.19499
   0.19203
   0.18904
   0.18603
   0.18298
   0.17989
   0.17677
   0.17363
   0.17047
   0.16726
   0.16403
   0.16077
   0.15751
   0.15424
   0.15093
   0.14758
   0.14421
   0.14086
   0.13752
   0.13418
   0.13079
   0.12739
   0.12402
   0.12064
   0.11727
   0.11390
   0.11054
   0.10720
   0.10387
   0.10057
   0.09728
   0.09402
   0.09080
   0.08759
   0.08442
   0.08128
   0.07819
   0.07512
   0.07210
   0.06915
   0.06624
   0.06336
   0.06052
   0.05775
   0.05504
   0.05240
   0.04981
   0.04727
   0.04480
   0.04239
   0.04007
   0.03781
   0.03560
   0.03345
   0.03138
   0.02938
   0.02746
   0.02561
   0.02381
   0.02210
   0.02047
   0.01890
   0.01740
   0.01597
   0.01462
   0.01333
   0.01210
   0.01094
   0.00984
   0.00879
   0.00780
   0.00688
   0.00602
   0.00521
   0.00445
   0.00375
   0.00310
   0.00249
   0.00193
   0.00142
   0.00094
   0.00052
   0.00016
  -0.00015
  -0.00046
  -0.00075
  -0.00098
  -0.00119
  -0.00139
  -0.00157
  -0.00171
  -0.00183
  -0.00192
  -0.00199
  -0.00204
  -0.00208
  -0.00209
  -0.00208
  -0.00206
  -0.00205
  -0.00203
  -0.00199
  -0.00193
  -0.00188
  -0.00182
  -0.00176
  -0.00168
  -0.00161
  -0.00155
  -0.00148
  -0.00140
  -0.00131
  -0.00123
  -0.00117
  -0.00110
  -0.00103
  -0.00096
  -0.00089
  -0.00082
  -0.00075
  -0.00068
  -0.00061
  -0.00056
  -0.00051
  -0.00046
  -0.00041
  -0.00038
  -0.00034
  -0.00028
  -0.00024
  -0.00020
  -0.00019
  -0.00017
  -0.00014
  -0.00010
  -0.00008
  -0.00007
  -0.00005
  -0.00003
  -0.00001
   0.00000
   0.00000
  -0.00000
  -0.00000
   0.00000
   0.00000
  -0.00000
  -0.00000
   0.00000
   0.00000
  -0.00000
  -0.00000
   0.00000
  -0.00000
  -0.00000
   0.00000
   0.00000
  -0.00000
  -0.00000
   0.00000
   0.00000
  -0.00000
  -0.00000
   0.00000
   0.00000
  -0.00000
  -0.00000
   0.00000
   0.00000
  -0.00000
   0.00000
   0.00000
  -0.00000
  -0.00000
   0.00000
   0.00000
  -0.00000
  -0.00000
   0.00000
   0.00000
  -0.00000
  -0.00000
   0.00000
   0.00000
  -0.00000
  -0.00000
   0.00000
  -0.00000
  -0.00000
   0.00000
   0.00000
  -0.00000
  -0.00000
   0.00000
   0.00000
  -0.00000
  -0.00000
   0.00000
   0.00000
  -0.00000
  -0.00000
   0.00000
   0.00000
  -0.00000
   0.00000
   0.00000
  -0.00000
  -0.00000
   0.00000
   0.00000
  -0.00000
  -0.00000
   0.00000
   0.00000
  -0.00000
  -0.00000
   0.00000
   0.00000
  -0.00000
  -0.00000
   0.00000
  -0.00000
  -0.00000
   0.00000
   0.00000
  -0.00000
  -0.00000
   0.00000
   0.00000
  -0.00000
  -0.00000
   0.00000
   0.00000
  -0.00000
  -0.00000
   0.00000
   0.00000
  -0.00000
   0.00000
   0.00000
  -0.00000
  -0.00000
   0.00000
   0.00000
  -0.00000
  -0.00000
   0.00000
   0.00000
  -0.00000
  -0.00000
   0.00000
   0.00000
  -0.00000
  -0.00000
   0.00000
  -0.00000
  -0.00000
   0.00000
   0.00000
  -0.00000
  -0.00000
   0.00000
   0.00000
  -0.00000
  -0.00000
   0.00000
   0.00000
  -0.00000
  -0.00000
   0.00000
  -0.00000
  -0.00000
   0.00000
   0.00000
  -0.00000
  -0.00000
   0.00000
   0.00000
  -0.00000
  -0.00000
   0.00000
   0.00000
  -0.00000
  -0.00000
   0.00000
   0.00000
  -0.00000
   0.00000
   0.00000
  -0.00000
  -0.00000
   0.00000
   0.00000
  -0.00000
  -0.00000
   0.00000
   0.00000
  -0.00000
  -0.00000
   0.00000
   0.00000
  -0.00000
  -0.00000
   0.00000
  -0.00000
  -0.00000
   0.00000
   0.00000
  -0.00000
  -0.00000
   0.00000
   0.00000
  -0.00000
  -0.00000
   0.00000
   0.00000
  -0.00000
  -0.00000
   0.00000
   0.00000
  -0.00000
   0.00000
   0.00000
  -0.00000
  -0.00000
   0.00000
   0.00000
  -0.00000
  -0.00000
   0.00000
   0.00000
  -0.00000
  -0.00000
   0.00000
   0.00000
  -0.00000
  -0.00000
   0.00000
  -0.00000
  -0.00000
   0.00000
   0.00000
  -0.00000
  -0.00000
   0.00000
   0.00000
  -0.00000
  -0.00000
   0.00000
   0.00000
  -0.00000
  -0.00000
   0.00000
   0.00000
  -0.00000
   0.00000
   0.00000
  -0.00000
  -0.00000
   0.00000
   0.00000
  -0.00000
  -0.00000
   0.00000
   0.00000
  -0.00000
  -0.00000
   0.00000
   0.00000
  -0.00000
  -0.00000
   0.00000
  -0.00000
  -0.00000
   0.00000
   0.00000
  -0.00000
  -0.00000
   0.00000
   0.00000
  -0.00000
  -0.00000
   0.00000
   0.00000
  -0.00000
  -0.00000
   0.00000
   0.00000
  -0.00000
   0.00000
   0.00000
  -0.00000
  -0.00000
   0.00000
   0.00000
  -0.00000
  -0.00000
   0.00000
   0.00000
  -0.00000
  -0.00000
   0.00000
   0.00000
  -0.00000
  -0.00000
   0.00000
  -0.00000
  -0.00000
   0.00000
   0.00000
  -0.00000
  -0.00000
   0.00000
   0.00000
  -0.00000
  -0.00000
   0.00000
   0.00000
  -0.00000
  -0.00000
   0.00000
  -0.00000
  -0.00000
   0.00000
   0.00000
  -0.00000
  -0.00000
   0.00000
   0.00000
  -0.00000
  -0.00000
   0.00000
   0.00000
  -0.00000
  -0.00000
   0.00000
   0.00000
  -0.00000
   0.00000
   0.00000
  -0.00000
  -0.00000
   0.00000
   0.00000
  -0.00000
  -0.00000
   0.00000
   0.00000
  -0.00000
  -0.00000
   0.00000
   0.00000
  -0.00000
  -0.00000
   0.00000
  -0.00000
  -0.00000
   0.00000
   0.00000
  -0.00000
  -0.00000
   0.00000
   0.00000
  -0.00000
  -0.00000
   0.00000
   0.00000
  -0.00000
  -0.00000
   0.00000
   0.00000
  -0.00000
   0.00000
   0.00000
  -0.00000
  -0.00000
   0.00000
   0.00000
  -0.00000
  -0.00000
   0.00000
   0.00000
  -0.00000
  -0.00000
   0.00000
   0.00000
  -0.00000
  -0.00000
   0.00000
  -0.00000
  -0.00000
   0.00000
   0.00000
  -0.00000
  -0.00000
   0.00000
   0.00000
  -0.00000
  -0.00000
   0.00000
   0.00000
  -0.00000
  -0.00000
   0.00000
   0.00000
  -0.00000
   0.00000
   0.00000
  -0.00000
  -0.00000
   0.00000
   0.00000
  -0.00000
  -0.00000
   0.00000
   0.00000
  -0.00000
  -0.00000
   0.00000
   0.00000
  -0.00000
  -0.00000
   0.00000
  -0.00000
  -0.00000
   0.00000
   0.00000
  -0.00000
  -0.00000
   0.00000
   0.00000
  -0.00000
  -0.00000
   0.00000
   0.00000
  -0.00000
  -0.00000
   0.00000
   0.00000
  -0.00000
   0.00000
   0.00000
  -0.00000
  -0.00000
   0.00000
   0.00000
  -0.00000
  -0.00000
   0.00000
   0.00000
  -0.00000
  -0.00000
   0.00000
   0.00000
  -0.00000
   0.00000
