0
-3.0039e-05
-7.0078e-05
-0.00010012
-0.00014008
-0.00018039
-0.00025035
-0.00033082
-0.00043047
-0.00050106
-0.00064117
-0.00075129
-0.00090188
-0.001052
-0.0012219
-0.0013623
-0.0015328
-0.001703
-0.0018732
-0.0020426
-0.0021827
-0.0023125
-0.0024113
-0.0024595
-0.0024391
-0.0023771
-0.0022349
-0.0020015
-0.0016579
-0.0011735
-0.00056945
0.0001973
0.0011551
0.0023533
0.0037519
0.0054037
0.0073554
0.0096005
0.012173
0.015062
0.018347
0.021977
0.026039
0.030521
0.035434
0.040779
0.046596
0.052894
0.059633
0.066881
0.074542
0.082715
0.091354
0.10041
0.10991
0.11982
0.1301
0.14073
0.1517
0.16297
0.17447
0.18623
0.19815
0.21022
0.22237
0.23456
0.24673
0.25888
0.27094
0.28286
0.2946
0.30611
0.31735
0.32828
0.33888
0.34912
0.35896
0.36835
0.37729
0.38577
0.39379
0.4013
0.40833
0.41486
0.4209
0.42643
0.43151
0.43609
0.44024
0.44396
0.44724
0.45013
0.45267
0.45484
0.45672
0.45829
0.45956
0.4606
0.46141
0.46203
0.46248
0.46274
0.4629
0.4629
0.46282
0.46266
0.46243
0.46213
0.46178
0.46138
0.46096
0.4605
0.46001
0.45951
0.45901
0.45846
0.4579
0.45735
0.45678
0.45619
0.45561
0.45498
0.45433
0.45368
0.45302
0.45231
0.45158
0.45081
0.45005
0.44927
0.44844
0.44761
0.44671
0.44581
0.44486
0.44389
0.44291
0.44191
0.44089
0.43983
0.43876
0.43764
0.43654
0.43538
0.43422
0.43306
0.43188
0.43067
0.42943
0.4282
0.42696
0.42567
0.4244
0.4231
0.4218
0.4205
0.41917
0.41781
0.41647
0.4151
0.41371
0.41233
0.41091
0.40948
0.40804
0.40658
0.4051
0.40359
0.40207
0.40051
0.39891
0.39728
0.39562
0.39394
0.39225
0.39052
0.38872
0.38689
0.38504
0.38314
0.38119
0.37922
0.37718
0.37509
0.37298
0.37082
0.36858
0.36633
0.36403
0.36169
0.35928
0.35682
0.35432
0.35177
0.34916
0.34652
0.34383
0.34106
0.33825
0.3354
0.33254
0.3296
0.32659
0.32356
0.32045
0.31729
0.31411
0.31087
0.30756
0.30422
0.30084
0.29739
0.29387
0.2903
0.28666
0.28296
0.27918
0.27535
0.27143
0.26741
0.2633
0.25911
0.25481
0.25043
0.24592
0.24127
0.23653
0.23165
0.22664
0.22149
0.2162
0.2108
0.20522
0.19949
0.19363
0.18766
0.18155
0.17531
0.16897
0.16251
0.15597
0.14935
0.14262
0.13593
0.12917
0.1224
0.11565
0.10893
0.10227
0.095691
0.08923
0.082878
0.076676
0.070639
0.064808
0.059138
0.053717
0.048533
0.043583
0.038925
0.034506
0.030358
0.026511
0.02293
0.019659
0.016658
0.013948
0.011494
0.0092893
0.0073157
0.005592
0.0040788
0.0027753
0.0016575
0.00071479
-6.8297e-06
-0.00061663
-0.0010938
-0.0014879
-0.0017755
-0.0019584
-0.002062
-0.0020845
-0.0020545
-0.0020078
-0.0019021
-0.0017864
-0.0016407
-0.0015105
-0.0013491
-0.0011959
-0.0010601
-0.00092
-0.00077986
-0.00063973
-0.00053114
-0.00043104
-0.00035675
-0.00025667
-0.00019415
-0.00015239
-8.8219e-05
-5.818e-05
-1.8141e-05
0
-0
0
-0
0
-0
0
-0
0
-0
0
-0
0
-0
0
0
-0
0
-0
0
-0
0
-0
0
-0
0
-0
0
-0
0
-0
0
0
-0
0
-0
0
-0
0
-0
0
-0
0
-0
0
-0
0
-0
0
0
-0
0
-0
0
-0
0
-0
0
-0
0
-0
0
-0
0
-0
-0
0
-0
0
-0
0
-0
0
-0
0
-0
0
-0
0
-0
0
-0
-0
0
-0
0
-0
0
-0
0
-0
0
-0
0
-0
0
-0
0
-0
-0
0
-0
0
-0
0
-0
0
-0
0
-0
0
-0
0
-0
0
-0
-0
0
-0
0
-0
0
-0
0
-0
0
-0
0
-0
0
-0
0
-0
-0
0
-0
0
-0
0
-0
0
-0
0
-0
0
-0
0
-0
0
0
-0
0
-0
0
-0
0
-0
0
-0
0
-0
0
-0
0
-0
0
0
-0
0
-0
0
-0
0
-0
0
-0
0
-0
0
-0
0
-0
0
0
-0
0
-0
0
-0
0
-0
0
-0
0
-0
0
-0
0
-0
0
0
-0
0
-0
0
-0
0
-0
